1933314
2203653
458759
2039815
2818073
499740
2424862
172081
2859066
1663047
991307
991312
1957969
2826321
229460
2334807
1884253
2695270
1957994
778349
2334834
2203768
1433729
1228935
540822
2424984
2359453
1654943
2769055
2867365
2777256
1917131
549074
1884376
1220824
319708
1663211
1638635
1638636
2834668
2048250
1892608
2859269
2236682
2130190
2048271
1892625
2359569
1892630
1220894
2769186
786727
2400562
2343219
1130811
540989
2449728
2875723
1515852
164173
778575
778577
2744661
541017
1524057
541021
2376034
532834
319861
1950069
156024
319866
319872
2752906
1434009
1434013
2859424
1393058
229811
229813
229815
2630077
1081801
2736597
2834908
2023902
934371
2826730
2867691
2097648
2859516
2753022
418309
1065481
1810968
1565211
2834975
2048549
2048550
1810997
2695733
1434168
2712121
2114111
1892933
2458181
2777678
2245199
2769496
1114718
541303
156282
1680004
2753159
934536
2204297
541344
1434276
1434278
1811116
1630894
975536
1327802
1204931
1942217
1270475
2433758
1893087
541422
172783
1377008
1057525
983798
2851577
1778430
2089731
975620
1082117
983814
1843976
2335496
1893135
1950484
2695956
2671391
1032998
2835244
2605869
2851631
1860400
1131313
705338
1917756
2204476
2204501
2220887
2237275
2237279
2237280
1770339
1852265
1860460
2204534
2483062
1893243
2646913
1663876
1663877
2556809
2032523
82845
230303
2540457
2130858
2687917
2147248
2827190
934842
1786822
2573255
2081737
132043
2483148
132056
1082334
2630634
1893356
1082361
762881
1893386
222218
1672206
828433
2057236
2728995
1655849
893998
1664049
1082430
1844300
1074258
1999956
1328221
1328222
2237537
2131042
2311271
779370
2622578
492660
2204792
1885305
1401978
2761853
2761865
1328266
2049169
1713299
2360470
1270935
2483355
1328286
771249
1328310
2737339
2860219
2426046
2131137
214215
1320139
976076
877773
9420
1565904
2032852
91356
1713375
2770147
287981
1328376
1959161
1664256
2024704
2860304
1565970
1959188
2426150
1410347
2008363
2286897
2655542
2688312
2721091
1713485
2270543
2270544
2270545
1254741
2630997
2753879
2655575
1066328
1852763
2131297
140641
1025379
1811811
1213795
1951082
2041195
976240
2360713
2762134
1074588
1271213
1861044
1426871
1525183
1885632
181716
2082266
361950
2532830
1771000
2246141
1451523
1787404
1426958
2262549
755229
1664546
2737702
837159
1615403
1246766
2278958
2319925
517695
1713728
1951300
755275
755276
1525328
2049619
214612
1197656
771683
1861243
1836686
1001105
1271451
1435292
976542
1246886
829097
2033330
313012
2639541
2328248
2754233
1566396
501437
2811582
435900
2188992
1812161
2000577
501442
2311868
2041544
313038
165585
1566423
2287321
2074337
2844390
411372
2844397
599790
755443
1885940
2877174
2557689
2483964
2066176
2860801
1869574
2041616
2025235
1664789
1804059
984863
1222439
640808
1427243
2131756
935739
2311996
1713985
2279234
2860876
1771341
2860881
2754388
2549593
1402717
1967965
1656672
1664876
542577
1951601
763766
2328444
2000769
2328449
2328451
2041736
468875
1427341
2041759
2688934
1918892
2041783
1918911
1918912
2877378
2049990
2197446
1509319
2852816
2181073
2435037
591854
1378290
1951731
1951732
641011
1959928
854008
2230273
2639881
1918985
886799
886801
2000913
763929
1271844
1951780
2328613
1370153
493610
1771567
411697
895025
821300
1394744
2279481
600126
510020
755781
1861702
2287688
1075280
1665111
2132061
1665122
2009190
2418795
829563
936061
559231
1550468
2328720
2328725
534683
1788063
1280160
886948
2549930
2754733
1861806
2836677
2853068
2279632
846035
2754775
2304218
133339
1280227
2762992
1861873
583920
1132787
2746664
2001210
2001212
1788221
2632009
2722126
2869584
936291
1550701
1132909
1509751
1771901
567677
2075009
1157507
1894787
1771911
1788302
584085
1001885
1239457
1001891
985522
1010101
1665461
1272253
1378752
1296839
231880
313816
584156
2001388
1083885
2034161
2419187
772595
2345473
2787844
518661
2640390
2640391
2640392
1665545
1813007
2353689
2845215
2296361
313906
1157683
2837051
748094
1837636
2738762
1903179
1182284
1796692
2435672
2869850
2132576
1428065
2230881
2828912
2869872
1182322
1788535
551543
2460283
1141373
1550973
2861694
1632902
2828940
1903245
2304652
2738831
2525842
2460308
2550433
780965
2214575
1813172
2099892
895682
2026180
273098
2755276
10958
2755290
1362650
887516
2747103
2280162
2730727
428777
2222836
2427648
1477394
2517782
2173725
2099999
2247456
2509604
584487
117550
1526582
2222924
2468691
1526621
2468702
1272671
1665888
2624355
1526629
183147
2321272
2771834
609150
609154
609158
2321290
2132885
2329497
1862554
535451
2648990
1256357
256934
2558888
2829225
2542520
510907
1575868
1575871
2706367
281541
1633223
2558921
1944529
584659
1575895
2739160
1584095
2132965
863213
2829294
2272241
1788914
2223091
2485236
2665466
2427899
1772541
2427901
2173959
2034702
2853904
1813527
756762
2853915
355358
1362981
2829356
1510451
2214965
2452533
1158199
1772601
1412158
2870336
2051143
2034760
1821771
2452559
2034768
2706514
1371224
2550880
2296939
765036
1772656
2632818
2042999
2526336
2763918
2878607
1813649
642193
2092181
281750
527512
986267
2706597
2583730
1887411
478388
2583735
2821306
224445
1780928
1895621
2870481
2641108
1215708
2329824
224484
2329833
781549
2772212
2731253
2886910
380159
2764036
2206983
2239751
1928460
2854187
527661
2649392
2428210
2125107
527668
1772855
1994039
1486137
781649
765271
830817
1371491
314735
1715577
716159
2649488
2821525
1273242
970141
1846685
445855
2461099
2870704
1773002
765391
2289105
1183189
1953253
249319
937452
1428982
1420792
1428989
1814024
1363481
2674207
2674210
2182691
2674211
2027048
536104
2559531
2870862
2870863
1691217
2551383
2027097
2027098
2649692
1068643
888420
2182757
2002536
1019501
1658484
2731636
372348
2707072
2756247
36505
2428573
2526878
2731680
380581
1552043
1904305
2641588
773825
1715907
2633426
519897
2748122
2264795
765666
765672
192236
831213
1920751
765684
782080
1879810
1904394
1789709
388879
1806097
765716
2658079
2109223
995116
585541
585542
2871133
2658142
2469732
2486117
1249124
1380208
1642353
2559857
561018
782202
1789819
1372032
2650000
1789842
2559890
1298324
2420630
2650015
2740141
1961937
823250
2527192
2854877
2478054
1142764
2797554
1847284
1568761
2740225
2158604
2330641
2732054
569367
1749018
1224731
1060899
102437
716838
2846764
2846767
1716273
2846771
2846772
585783
1364023
757835
1429581
2494543
282704
2478165
520277
2764888
1634411
2297968
1159280
2044024
2470011
585853
2871422
970883
1994884
2723973
1241223
585865
2478221
970895
2650261
1716377
2773153
159913
1863855
2633909
1003716
2470085
1011910
2650316
2134221
2445535
2724074
2339051
2658547
2191605
2314508
2052368
1765657
938266
200992
938276
2289961
1372473
2830667
930149
233830
2216295
2560359
2503018
2216301
1864052
2396534
2265463
2724221
2036099
2707846
2216353
2036142
2478513
2773428
2306485
143803
2052549
299465
1429966
2585042
545235
774637
1257986
2880010
2396695
1561122
1004075
709166
2437678
1749560
1716803
2724423
2077255
938577
2462297
2298459
2658925
2871929
2331268
1241734
2863763
2839203
1929897
2773685
1004220
1782461
1782465
1888967
2593483
2527952
2675412
938709
2634453
2560730
897759
2675430
1004271
2855668
938757
2151173
2446096
70429
889633
774955
2839340
1659704
2011967
316226
2773828
2847561
1856332
2233172
1168213
2405219
553833
2093941
2863990
2659192
2118521
750462
406399
1004420
938886
1430430
2184096
2216866
545703
2093992
2003881
2823093
2855862
2855869
2282430
848836
709580
2864077
1012699
930787
1659881
1332208
1635322
2331651
2003991
1037336
594969
1815583
2831394
2823203
1782834
2331700
2290749
2536519
2356315
1528926
930913
2405476
2815097
2757761
717958
1201299
2069678
1430704
545972
1365182
2847938
2299081
2700490
1365197
832725
1283295
931039
2872544
2471153
2462962
1930483
890102
2135291
2856195
2880778
2176272
2741526
2741532
1660189
1021214
2774326
2291000
2217278
2217288
2463050
963922
2610514
767315
2053462
2635101
2757990
1643888
2872702
1185164
2004372
2733468
2684319
2094498
1643946
2692524
2250157
390579
1889720
2635196
497087
1799622
2291143
2766279
423369
2848202
2332109
2561494
931289
2217440
2217441
972258
2479586
1070565
1070572
2479599
2332145
2332150
2471414
2479606
2299384
1013252
1234437
2217491
2553369
1398298
1848865
1242665
251435
1234484
2668090
2577980
964158
112206
2086479
2815575
2365016
1816154
2643552
2643555
2643557
2299495
2643562
2561647
1062516
1521272
767610
2471547
2299515
972419
611976
1373840
38555
1308316
1398429
1816225
284327
1865388
2643640
1013436
2070204
2569926
2692817
980689
1857248
235236
1234660
1234662
1136359
235237
1890025
1742570
1521401
22269
2356991
2668299
2250514
2004760
2520856
2062109
833312
2316067
1079079
2635560
2299689
1292076
2725680
939831
1382199
1431358
1783623
1079115
2561876
1079144
1079146
1079147
1079149
1652605
1636222
972671
857981
2283397
2865030
964504
2307994
2537372
2733990
2004903
841649
1128379
939979
276428
2365387
1521624
1267676
235486
2332647
1038318
1816564
2734086
1783828
825369
1382431
2324515
1505318
546860
546866
2127931
2431046
1972296
2685001
2676814
2685017
202841
2299997
637027
1939557
2463848
2857064
1554538
2267249
1439864
972922
2857084
972932
2586760
2504850
2455703
465057
546989
596142
383153
2709684
2693301
2627766
1636539
1808573
2627783
751830
1554655
2300131
2758883
1784040
1374442
973068
2849045
2578718
1661225
2357549
1661229
2849072
2849095
2464074
2562378
1063253
1644893
2718047
2750829
1128825
2865530
366972
2423177
1677710
2685326
547219
1161619
563606
2300313
981410
129447
1309097
1776042
2136492
2857394
1259957
1685942
1628599
489923
1366470
2767303
924118
2832857
358888
2628077
2570739
326135
1915390
1096202
1751564
154139
2046493
752164
2718255
2767440
1432154
2128476
2226786
784999
2300532
1366648
2742907
2685576
2038414
2292367
2841230
2333343
1079971
1374889
252598
850614
596669
2742984
2824906
1850074
2489059
121578
2423533
1710832
1915633
2734834
1170171
2849535
2456341
2308888
2472746
2882352
2128693
2775861
2128695
2128696
1383236
1956679
1973066
1645387
2751309
981841
547677
1080164
2063206
2358123
899947
539502
2456437
1989494
2866041
1694593
326533
1661833
1858445
2882474
1121195
2309035
547764
1170361
1326024
2866136
2743266
2710513
1440777
2079754
1367073
1367077
982064
2169904
719937
2481230
2694236
2530401
2137187
2358376
2137194
2202731
2833520
1997939
2849909
2129022
605313
547973
2849933
1326222
1080465
1399957
1219734
1399961
1432732
941212
1768607
1252529
1252540
1080509
990398
2686143
1785029
1457350
1219786
1432783
1129680
2825424
1252563
2464980
2464979
1432790
1457367
2768095
1219818
1785067
2661617
2268411
1211651
2751752
2719005
965919
2686240
2415910
2866484
2350401
1514818
1252676
1334608
474461
580962
2694503
2858347
2039148
2743661
2850157
1154419
1432952
2694522
392578
318852
2833798
1670538
2194839
2211247
2457017
1359295
2219456
449988
2833869
1826263
1367522
425443
1514984
2719212
1367534
2694638
2825710
2817523
1449463
1130001
2825762
2211363
2719280
2596421
1400397
1523280
1801809
2203223
2711128
1465954
2276991
1080962
1867400
1523337
2760328
1433230
2703004
2244255
1801891
2203303
2195113
2629291
2465457
2760371
2154164
917173
1646271
2358984
1892041
2358990
2465506
1433316
1433317
2825959
2309865
1662702
1433330
2465526
2735862
1433339
1433345
1220368
1892114
2826003
1892118
556825
556827
2064161
597794
1564452
950053
2858789
2318119
2629418
1408811
1892152
2817861
196423
2867017
2867019
1359695
2465619
982870
2654039
778076
2285408
1433446
1433447
2760568
2654076
2473855
2858891
2826133
778135
1433501
2097055
2359200
2047911
2219950
204732
1646526
2834383
2269136
753617
2850773
2351061
2719708
1867745
1523687
