7964
8045
8189
10260
10261
10262
10264
10960
10961
10962
13894
21595
22061
22063
22973
24097
24098
24857
26286
27171
35368
38556
46899
58316
60585
60586
60593
60594
60802
64977
66130
68737
68957
68961
73260
78829
87276
87440
89318
91356
94752
98750
99277
107382
109809
110321
112207
117033
122393
122397
122569
122579
126755
131561
132043
132112
135652
135977
138093
139457
141189
146182
146817
153490
155905
155925
156280
165701
168350
168352
169870
170446
170994
171009
175266
176466
182883
186311
186685
187607
188664
188962
188967
191439
192603
192609
192964
194496
199742
199757
210445
211452
214191
214199
214209
217240
217748
219278
220017
220196
222221
222224
222231
222702
224483
229460
229811
229813
230303
231880
233830
235236
240429
242334
247543
252602
254619
257205
258387
260456
265135
282617
282622
283795
288452
298890
299463
303032
305018
283794
289256
299466
313038
313816
313906
314735
318852
319708
319861
319866
319890
319912
321192
322412
323232
326531
326536
326538
326540
328590
328802
328803
329934
331359
333411
334050
326135
351584
352750
353338
358160
362568
362663
365071
365072
366916
369585
373045
373114
373396
376170
379318
379708
380126
380160
381788
382509
385197
385433
385797
385873
372348
380581
403689
404892
405806
405849
406360
406393
406402
409099
394121
394281
398756
400368
403396
403415
403543
403566
403569
403677
403684
431285
435571
435661
440129
444447
444788
444886
447245
448317
449681
450965
451772
452231
457331
458513
458645
458675
462636
464417
465056
465058
468260
470322
470561
444243
449988
502455
503596
505363
509653
509656
511978
516778
516810
516892
516959
517234
517453
517830
518088
521104
521957
486262
486716
492655
493604
497323
497559
498443
532293
532728
533484
533672
533975
535359
535364
535979
522549
522969
524009
524225
524400
524417
524636
526315
527003
527024
527501
528268
528271
530073
530787
530936
531132
531677
532259
536538
538303
539372
539500
539502
540822
540989
541017
541303
541344
542577
545235
546860
546866
546989
547219
547677
547764
547973
549074
549553
549742
550563
550934
550963
551406
552770
553809
553833
556825
556827
559231
561018
563606
563609
564994
588860
588893
589171
589234
589261
589334
590137
591855
592312
592766
592827
592881
594167
594987
595599
595987
584367
584487
584659
585541
585542
585783
585853
585865
597644
598058
598229
598545
598616
599956
600157
600319
600511
600944
600945
601211
601325
603802
608783
609196
591854
612479
612642
612662
612739
613095
615411
616835
618355
620102
621611
621615
624019
626192
627556
627780
630023
630029
630032
630039
633084
636727
640812
641207
644471
645294
648858
650955
651255
653308
653476
654756
654980
656344
660758
660759
661737
661853
661987
671062
672654
673463
679876
683593
685112
685187
685189
685192
685272
704168
705090
705338
709166
709580
716838
717958
719937
675884
686057
686070
691611
693387
701332
702551
702808
704135
766133
766137
766139
766289
766327
766694
766846
766936
766971
766990
767398
767721
767875
768054
768221
768264
748094
750462
751830
752164
753617
755229
755275
755443
772058
772689
773004
773049
773127
773349
773637
773823
762881
763929
765271
765391
765666
765672
765684
765716
765790
765869
765889
779370
780965
782080
782202
782911
783037
783064
783442
784446
784450
784542
784586
784777
784778
784792
785104
771139
771322
771816
773842
774258
774451
774948
774955
794081
794511
799196
801167
801168
801169
801586
801982
778076
778135
778349
778577
814837
815588
817312
818155
818291
818354
819626
819816
819818
820418
820908
821149
821297
822276
822306
822756
823250
825369
825985
826125
826220
827000
827284
827788
802741
802994
803866
803921
805038
805395
806796
809903
811129
813266
813722
814404
814407
814410
814411
814689
827805
828121
828441
828528
829174
829175
829423
829563
830495
831213
886799
886801
886948
887516
888420
889633
890102
893998
895103
896212
897367
899075
901381
901383
901833
902015
902122
902561
903208
904468
904592
905050
909497
909789
863065
863785
866647
866814
867632
868699
868706
868707
869603
870184
871111
871640
871650
871782
872840
877199
877773
884571
884685
885498
886216
886245
886246
886487
886548
929554
929657
930085
930792
930906
931042
931409
931425
933408
933672
933836
933871
934133
934536
934842
936061
936291
937452
938266
938577
938709
938757
939831
939979
940321
940892
941986
942651
942804
942965
943377
943664
924784
924801
925143
925343
925589
925891
926062
926341
926534
928437
929479
963922
964504
964687
965549
967681
968606
969870
969914
933009
933204
933257
972730
973591
973830
973950
974325
974589
974797
974996
975578
975802
976523
977011
977845
978046
979164
981358
981410
981841
982064
982870
983798
983814
984863
985522
986267
990398
991307
1001891
1003716
1004075
1004220
1004420
1004807
1005917
1006484
1006667
1007526
1009222
1009225
1009226
970121
970131
970141
970883
970895
972258
972419
972671
973068
991312
995116
1059963
1060086
1060250
1061314
1061494
1061611
1061840
1062249
1010101
1011910
1012699
1013252
1013436
1021214
1025379
1064958
1065721
1066159
1066711
1067443
1067518
1067850
1068949
1028640
1030878
1031739
1033681
1034367
1036585
1038318
1039391
1039993
1040390
1040456
1040607
1041319
1042576
1042577
1042578
1077592
1077785
1079079
1079115
1079146
1079147
1079149
1079971
1050435
1050825
1050866
1052091
1052774
1053105
1053528
1053811
1054375
1057400
1058036
1059690
1088705
1088937
1089365
1089375
1089981
1090814
1091178
1091824
1064156
1064164
1064338
1064632
1064635
1065604
1109883
1110095
1111432
1111875
1111884
1113872
1114169
1114654
1071161
1071731
1072409
1072472
1073696
1074136
1074258
1074588
1075534
1075536
1075546
1076235
1076562
1076806
1080164
1080465
1080509
1080962
1081801
1082117
1082334
1082361
1082430
1082730
1125102
1125567
1125587
1126073
1126704
1127977
1127982
1127983
1128379
1128825
1130001
1130811
1131313
1132787
1136359
1141373
1144697
1145325
1145333
1145673
1145894
1145896
1145964
1147388
1149458
1149983
1150982
1151709
1153270
1153401
1153440
1153933
1154419
1157507
1157683
1158199
1161619
1170171
1172375
1172955
1172975
1173470
1173581
1175311
1177418
1179856
1182322
1183189
1184695
1185247
1186593
1187030
1191311
1191368
1192143
1193583
1122422
1122653
1122655
1123151
1123360
1123544
1123545
1124339
1203402
1203447
1205888
1206907
1206954
1207644
1207700
1207793
1207794
1208159
1208388
1208550
1209081
1209992
1210782
1210933
1217755
1218041
1218306
1218424
1218428
1218682
1218782
1219184
1219734
1219786
1219818
1220368
1220894
1221244
1221753
1222034
1224081
1224369
1224584
1225411
1225811
1227452
1229824
1230382
1201540
1202996
1234234
1234352
1234354
1234375
1234437
1234484
1234660
1234662
1234901
1235165
1235332
1235941
1236216
1237336
1240127
1241008
1241223
1241734
1242665
1246766
1247485
1247816
1248138
1248143
1216455
1216515
1217662
1258944
1260954
1260989
1262138
1262194
1264359
1264728
1265761
1221104
1222035
1222158
1222410
1223116
1269212
1269374
1269389
1269399
1269709
1269777
1269779
1269833
1270718
1270934
1270953
1270959
1270961
1270964
1270971
1271340
1271451
1271844
1271929
1271956
1272115
1272420
1272421
1272422
1272914
1273138
1273177
1273235
1273378
1273666
1273753
1274036
1274473
1274745
1274874
1275874
1276376
1277021
1277048
1277329
1252529
1252540
1252563
1252676
1254741
1256357
1280278
1281151
1281161
1283196
1283648
1283675
1283988
1288125
1266737
1267616
1267835
1268112
1268287
1268448
1295115
1295648
1296632
1297018
1297019
1297223
1297478
1299848
1322057
1322119
1322521
1323897
1324320
1324460
1324830
1324990
1325064
1325069
1325109
1325261
1325263
1325628
1325697
1325873
1326023
1326024
1326222
1328221
1328222
1328266
1328286
1328376
1277430
1278038
1340853
1341871
1342059
1345491
1349540
1350311
1350313
1352790
1352883
1355975
1356180
1357825
1357962
1359808
1360492
1361916
1362029
1363481
1364023
1365182
1365197
1366470
1366648
1367073
1367077
1367522
1367534
1370153
1371491
1372032
1372473
1373840
1306133
1308211
1309096
1309100
1314766
1315421
1316044
1383161
1384012
1384212
1384449
1384819
1385186
1385187
1386185
1331537
1332644
1332926
1333681
1334562
1336599
1337173
1394744
1398298
1398429
1399957
1399961
1400397
1401978
1402717
1412322
1412951
1413178
1413179
1416084
1417723
1417727
1417743
1418051
1418765
1419506
1420787
1420788
1420794
1421723
1422121
1422438
1422892
1423040
1425074
1425400
1425770
1426465
1426761
1426871
1426958
1427243
1428065
1428982
1428989
1429581
1429966
1430430
1430704
1431358
1432154
1432732
1432783
1432790
1432952
1382129
1383134
1386623
1386841
1386845
1387787
1389174
1389809
1437013
1437469
1437880
1438321
1438494
1438661
1439040
1439718
1439863
1439865
1440048
1440227
1441371
1447033
1451372
1452669
1408811
1410347
1412158
1473200
1474854
1475884
1476863
1476918
1477562
1478499
1481990
1433316
1433317
1433330
1433339
1433345
1433447
1433501
1433729
1434009
1434013
1434168
1434276
1434278
1434469
1434636
1435296
1436402
1512514
1513377
1513861
1514747
1514767
1514957
1515184
1515532
1515816
1516299
1516643
1517115
1517116
1517725
1518159
1518284
1453951
1456637
1457069
1457350
1457352
1457353
1458020
1460863
1520642
1520789
1521227
1521268
1521269
1521272
1521401
1521624
1523280
1523337
1524057
1525183
1525328
1526582
1526621
1526629
1528503
1529534
1529806
1530340
1530507
1531412
1534361
1534472
1535152
1535795
1535864
1535963
1539024
1539907
1539908
1540395
1502724
1503439
1503712
1504121
1504490
1504537
1504557
1505082
1547913
1548056
1548356
1548609
1549405
1550701
1550973
1552043
1552107
1552949
1553131
1553251
1553792
1553872
1554973
1555350
1514818
1514984
1515852
1518287
1519084
1519189
1519208
1520054
1564540
1564616
1564746
1565211
1565904
1565970
1566396
1566423
1567722
1567830
1567899
1567909
1568428
1568674
1568701
1569224
1569486
1570129
1571358
1571510
1571731
1572603
1573786
1574088
1540397
1543417
1546183
1546194
1546195
1546196
1546283
1546633
1550468
1616748
1617758
1618513
1619973
1620292
1620579
1621744
1622038
1557206
1557290
1558514
1559282
1559870
1560274
1560707
1560999
1628599
1630894
1632902
1633223
1634411
1635322
1636222
1636539
1563194
1563569
1563597
1563772
1563788
1647061
1647276
1647840
1647901
1648464
1650800
1652005
1652768
1575868
1575871
1657134
1657138
1658290
1658715
1659550
1659704
1659881
1660189
1660492
1661204
1661217
1661237
1661486
1662019
1662192
1662498
1663047
1663211
1663876
1663877
1664049
1664256
1664546
1664789
1664876
1665111
1665122
1665545
1665888
1666249
1666418
1667103
1667844
1667993
1669246
1669247
1669700
1669887
1670130
1670580
1623024
1623176
1624917
1625033
1625116
1626668
1627589
1628198
1638635
1638636
1642353
1643888
1643946
1644893
1645387
1646271
1680040
1681060
1681147
1681153
1681585
1681703
1681705
1682960
1653444
1653469
1653977
1654650
1654943
1655183
1655348
1655660
1698174
1698585
1698697
1700133
1700603
1700794
1701892
1704173
1657089
1657129
1657697
1707731
1708185
1708607
1708664
1708676
1708679
1708742
1708770
1709173
1709453
1709957
1710077
1710224
1710455
1710554
1710751
1710838
1710960
1711863
1712622
1712886
1712973
1712974
1712975
1713299
1713375
1713485
1713985
1715577
1715907
1716377
1716803
1670141
1670581
1670584
1670585
1670586
1729312
1729315
1730325
1730505
1731033
1731034
1731035
1731036
1674726
1674949
1675530
1676214
1678056
1678059
1678694
1679223
1738895
1740593
1741233
1741250
1741885
1742087
1742169
1742221
1686418
1686845
1688120
1690057
1749018
1749560
1749589
1749782
1750391
1752222
1752914
1753415
1754062
1754941
1755146
1755977
1756492
1757045
1759785
1761194
1707386
1707497
1707531
1707698
1707757
1770339
1771567
1771901
1771911
1772541
1772601
1772855
1772873
1773797
1774063
1774508
1774527
1775005
1775038
1775331
1776042
1777156
1777467
1777525
1777617
1777711
1777852
1778536
1778541
1778942
1779389
1779390
1779407
1779416
1779449
1779917
1780251
1719899
1723443
1723877
1724394
1724666
1729144
1731038
1731558
1732387
1732495
1735363
1735434
1736658
1738027
1742446
1743606
1797082
1797273
1797400
1798100
1798424
1798450
1798542
1799056
1750016
1807370
1808274
1808501
1808854
1809190
1809203
1809249
1809651
1761539
1764843
1765200
1765292
1767744
1768884
1769084
1769519
1771341
1813172
1813527
1813649
1814024
1815583
1816154
1816225
1816564
1826489
1826872
1827182
1827700
1828014
1828096
1829317
1829803
1780928
1782461
1782465
1782834
1783623
1783828
1785029
1836652
1837001
1838005
1839357
1839741
1839900
1839981
1840701
1787404
1788063
1788221
1788535
1788914
1789709
1789819
1789842
1843976
1844300
1846685
1847284
1848373
1848833
1849278
1849364
1796692
1855955
1856315
1857552
1857893
1858499
1858500
1858887
1859706
1860136
1860397
1860400
1860460
1861044
1861243
1861702
1861806
1861873
1862554
1863510
1863948
1864019
1864590
1865331
1865346
1810968
1810997
1811116
1811257
1811517
1811541
1811584
1811780
1812161
1812299
1812802
1813078
1873139
1873182
1873390
1874547
1875772
1879257
1880321
1880557
1881609
1883192
1883488
1883628
1884345
1884598
1885069
1885277
1885305
1885632
1885940
1888967
1889720
1890025
1890708
1890788
1833810
1833929
1835666
1835748
1841057
1841322
1841877
1842050
1894015
1894758
1894773
1894798
1894928
1894956
1895007
1895478
1895547
1896017
1898598
1899203
1901953
1901955
1903245
1904394
1852862
1853846
1853851
1854493
1855755
1915633
1917131
1917756
1918892
1918911
1920751
1920797
1921349
1932366
1932369
1932801
1933219
1934527
1935276
1936234
1936779
1866937
1867133
1867745
1867911
1868062
1868063
1868257
1868475
1941298
1941358
1941783
1941998
1942377
1942379
1943115
1943525
1875574
1953306
1953674
1954491
1954663
1956223
1956591
1957291
1957592
1957969
1959161
1959188
1959385
1959526
1959766
1961463
1962802
1892041
1892152
1892625
1892933
1893087
1893135
1893356
1893386
1967168
1967579
1967774
1967817
1967928
1968512
1969022
1969147
1904751
1909309
1911068
1911144
1911319
1912255
1974464
1974611
1975932
1976077
1976079
1979736
1980042
1980590
1920798
1921586
1921685
1922890
1923695
1924258
1989659
1990222
1990618
1990656
1993596
1994009
1994243
1995480
1937364
1938550
1939158
1939650
1940513
2000913
2001210
2001212
2001388
2001724
2002029
2002527
2002764
2003054
2003578
2003709
2003859
2003881
2003991
2004760
2004903
1950069
1950484
1951082
1951300
1951601
1951731
1951732
1951780
2007482
2007593
2008285
2008299
2009042
2009254
2009378
2009565
1956679
2024704
2025235
2026180
2027048
2027097
2027098
2032523
2032852
2034161
2034702
2034760
2034768
2036099
2036142
2038414
2039148
1967747
1968913
2042339
2042340
2042749
2042878
2043079
2044924
2044963
2045539
2047911
2048271
2048549
2048550
2049169
2049619
2049990
2051143
2052368
2052549
2052728
2053204
2053310
2053879
2053945
2055177
2055835
2059108
2059829
2063029
2063197
2064371
2064593
2065842
2066079
2066118
2066217
2066221
2067140
2067144
2068804
2069678
1995492
1995600
1996482
1996782
1997817
1997939
1999956
2000577
2000769
2004927
2005033
2005416
2005501
2006734
2006756
2007104
2007398
2009921
2011757
2017403
2020346
2021654
2022293
2023207
2023608
2023902
2094295
2094506
2095252
2095409
2095910
2096011
2096014
2096017
2096267
2096319
2096374
2098396
2098621
2098842
2098861
2099143
2041195
2041544
2041616
2041759
2041783
2042999
2052807
2057236
2064161
2125988
2126319
2126394
2127288
2127295
2127330
2128042
2128607
2076025
2076345
2076838
2077101
2078403
2079241
2080083
2080100
2081110
2081134
2081225
2081235
2081279
2081527
2081822
2082234
2082310
2083175
2083213
2083220
2083284
2083330
2083475
2083858
2083973
2085419
2085577
2086009
2086091
2086145
2086348
2086425
2138275
2141020
2142793
2143348
2147348
2147399
2148968
2149471
2149912
2151675
2151789
2152177
2152804
2153195
2155072
2156024
2156245
2158425
2159449
2159731
2161629
2162166
2165324
2165849
2097055
2172446
2173187
2173980
2174855
2179621
2179739
2180992
2181829
2182691
2182757
2182908
2183677
2183827
2185866
2186247
2187676
2104751
2104860
2105558
2106293
2106333
2108514
2108933
2109824
2111639
2112500
2112793
2112894
2113079
2115134
2115606
2116013
2198742
2199903
2199904
2200161
2201324
2202224
2202594
2203065
2203223
2203303
2203653
2204476
2204501
2204534
2204792
2204794
2124116
2124896
2125162
2125800
2125801
2128693
2128695
2128696
2209721
2209722
2209724
2210845
2210997
2211114
2211369
2211408
2130858
2131042
2131137
2131297
2131756
2132061
2132576
2132965
2133081
2133188
2133216
2133470
2133768
2134478
2135138
2135579
2216301
2216353
2217278
2217288
2217441
2217491
2218406
2219001
2219347
2219463
2219600
2219610
2219748
2219958
2219961
2219971
2220129
2220131
2220245
2220774
2220776
2220777
2220778
2221452
2221455
2221691
2221817
2222407
2222653
2222836
2222924
2223091
2223455
2224307
2224655
2224854
2226239
2227309
2227981
2228285
2188864
2188979
2237460
2237487
2237539
2239003
2240001
2240467
2240468
2240727
2195813
2196716
2196956
2197707
2197719
2198168
2198185
2244064
2246185
2246635
2246645
2247350
2247526
2247666
2247916
2248189
2248323
2248403
2248422
2248785
2248972
2249177
2249551
2250989
2251992
2252074
2252298
2252304
2252624
2252842
2252882
2206983
2206999
2207216
2207237
2207529
2207669
2208544
2208728
2264724
2264790
2267249
2268411
2269136
2270543
2270544
2272241
2272243
2273421
2273802
2274250
2276694
2276922
2277544
2278957
2278958
2279234
2279481
2279632
2280162
2282430
2286897
2287321
2216295
2216866
2220390
2307628
2307640
2307874
2307884
2308179
2308784
2309002
2309005
2311921
2312032
2312035
2313085
2313148
2313154
2313273
2313637
2313914
2314506
2314685
2315109
2315737
2316124
2316369
2316619
2237275
2237279
2237280
2237537
2241398
2241564
2242044
2242091
2242111
2242288
2242289
2242781
2242995
2328725
2329824
2329833
2330641
2331268
2331651
2331700
2332109
2332145
2332150
2332647
2334378
2334421
2334540
2334850
2335344
2335860
2335964
2337802
2338721
2339301
2340350
2340493
2342035
2342528
2343480
2343949
2344517
2345039
2345708
2345955
2346132
2351113
2351866
2352732
2352849
2352896
2353640
2353842
2353940
2291143
2291395
2357318
2357549
2358123
2358984
2358990
2359453
2359569
2360470
2296352
2297968
2298459
2299081
2299495
2299689
2300131
2300532
2364841
2365161
2365519
2367371
2368039
2368868
2370128
2371177
2374981
2377931
2378450
2380912
2381998
2384602
2384830
2385032
2385591
2386534
2386583
2387394
2387417
2387616
2388914
2389271
2310939
2310971
2311366
2313780
2315581
2317457
2318652
2319378
2413205
2413910
2414209
2414646
2414987
2415050
2417030
2419163
2323842
2324840
2326032
2327420
2327640
2327678
2327748
2327913
2328248
2328444
2328449
2328451
2328613
2431611
2431759
2432061
2432204
2432525
2432636
2433216
2433742
2436574
2436584
2437070
2437089
2437302
2437464
2438025
2438082
2348944
2349542
2349577
2441984
2442067
2442424
2442437
2442716
2443716
2443720
2443722
2354220
2354772
2355093
2356376
2356649
2357002
2357038
2357237
2357310
2357541
2360955
2455703
2456437
2458181
2460283
2460308
2461099
2462962
2463050
2464074
2464980
2465457
2468702
2469732
2470011
2470085
2471153
2471414
2471547
2472392
2472452
2474426
2476286
2476634
2476719
2476981
2478054
2478165
2478221
2478513
2479586
2479606
2481230
2389463
2391395
2391590
2396423
2396424
2396425
2398455
2398973
2485253
2485574
2486230
2486249
2486282
2488080
2494633
2494775
2404320
2404328
2404594
2404680
2406986
2408067
2408825
2410095
2505286
2505375
2505443
2506365
2506366
2506367
2506792
2508800
2423177
2423533
2424862
2424984
2426046
2426150
2427648
2427899
2427901
2428365
2428575
2428580
2428698
2428907
2429116
2431040
2431210
2433849
2434288
2434770
2435069
2435146
2435273
2435282
2435383
2435670
2435675
2438101
2438492
2438797
2438816
2549286
2549597
2549598
2549611
2549971
2549981
2550005
2550424
2551982
2552450
2553696
2554244
2554942
2554977
2555119
2556530
2558888
2558921
2559531
2559857
2559890
2560730
2561876
2562378
2562795
2562990
2564660
2564671
2564881
2566524
2566756
2567139
2567650
2567877
2567907
2568103
2568194
2570654
2572023
2572929
2463848
2589492
2590712
2593290
2600450
2603444
2607830
2607940
2608219
2608690
2610517
2611507
2613045
2613139
2613344
2614427
2616101
2618899
2619159
2619600
2620463
2622093
2622316
2623725
2624020
2624355
2627766
2627783
2628077
2629291
2629418
2630634
2630997
2631256
2634653
2635031
2635093
2635381
2636064
2636443
2637074
2639338
2639433
2639803
2639881
2640392
1652605
2321290
975620
2296939
281541
2610514
38555
2643555
2643557
1565869
1918176
2517036
2517211
2517994
2522529
2523226
2523854
2525179
2525842
2645515
513307
2536218
1780205
2645694
2265465
1549364
2007114
2321347
2641602
2646004
1085191
2315692
2210280
1561914
2646936
2181073
492660
1273242
1788302
2197446
82845
1918985
172783
1313726
1217496
2648519
2648573
2648575
2641454
2648732
2310185
2648990
1867400
2649392
2132885
282704
2649692
1142764
1821771
2552451
861493
313993
2648525
2533893
836733
2650429
2650450
490677
2650696
1808016
1221220
2650900
1083884
2650649
1068029
1802236
1973550
2640535
2518456
2188669
2211358
2478512
2638961
766428
2520336
1893250
2654581
1661889
2127703
1699499
1787414
1812450
2655207
1758844
547771
1509319
2560359
2176272
1661833
2655575
830817
757835
584085
976076
10958
1811811
551543
2611035
2650316
2465619
596142
1848865
771249
1168213
2464979
2433758
497087
2125107
2265463
355358
1742570
756762
2472746
2659192
1451523
1865388
1274032
444941
2523221
1864054
2409242
2660327
321316
2534949
1673736
2568660
1916294
930309
1891515
1940450
1499130
868417
339568
2238236
2462138
1431955
1859673
1470280
1706298
861588
1641461
2120779
2655625
669681
1066158
2656529
1785831
2109901
1518290
2203379
1069476
2646034
2328237
902014
501436
2252569
2450961
1343158
236190
1273485
1596068
2658563
2665376
1573058
184675
1805014
1255530
2281734
1994333
1960573
2356323
764758
2665711
2156243
1676670
2247059
2009261
217747
2574236
1129493
2317251
2249416
91353
1890405
2422045
1801891
1121195
781549
527512
1869574
2345473
2670440
2112983
940887
2001972
2015416
544602
514055
1703015
2671543
2671578
2590239
831392
2303598
2672206
2672235
2421353
2672544
2088874
2652806
1652690
1153277
2276991
2630395
2282408
1810258
2645456
863601
2125297
2215144
1474024
2655542
1440777
2270545
2334834
1664131
188972
2130196
2678308
1130061
2560893
2678890
2679108
249012
2086807
2462824
2590620
1573430
340871
2680026
2586934
2480020
2680470
1211473
2385035
2334111
2552685
1714298
2199492
2681787
686079
2100355
2251185
164289
1039997
1395841
2544370
1382199
1468751
2123675
1707465
1378290
2658925
2635560
2521864
2405476
517461
2401887
2659539
2618262
1751395
2362218
2514908
2635196
2561494
1280160
2596421
2550433
2456341
287981
2353689
1773002
2431046
2674210
2685001
1967965
857981
2291000
2685017
1778430
252598
2509604
2685326
2360303
2685435
2683459
2685967
2393141
1505323
1886776
825984
2686240
767315
584156
1904305
1957994
501437
519897
976542
1283295
837159
1439864
828433
2437678
2220887
1359695
2687917
2201883
2664785
2412415
2206628
757728
1467240
2688901
1215686
1063636
1808188
931275
476662
937338
1977676
764664
2686252
1893961
911228
2465976
1973048
1784326
214211
2689692
2125803
830497
2678085
1422809
1875532
145222
611958
559470
1622306
636327
2670187
2481225
457924
2085822
1526308
1713858
1088205
1709694
2691786
2091436
2551149
343607
1378355
2650543
2690620
140641
2211363
2211247
609150
164173
411697
2692817
2486117
2233172
2318119
2483964
1001262
1180981
2673023
2374965
766963
418309
2688312
2694236
2158604
2569926
1037336
2694503
1228935
2674207
2674211
2376034
964158
2359200
716159
1057525
406399
1665461
326533
1892630
2586760
1309097
2247456
2099999
2668090
2236682
2517782
1270935
2066176
1813007
2203768
1658484
1170361
2428210
2675412
2675430
112205
1884253
2246574
1221219
191614
2314113
2648968
1983685
2676398
2425844
1906040
2643551
2443738
2356315
2435672
2358376
2700490
2324515
2650261
1332208
934371
1223277
1374822
2362982
7775
943585
2330646
1925456
2278821
527661
493610
1070572
2300313
2489059
1211651
1903179
1528926
1933314
781649
2079754
2435037
489923
2703004
235237
284327
2262549
2671391
1994039
2695956
1784040
567677
2706367
1362981
1710832
2706597
2428573
2468691
2335496
2706514
2462297
897759
2707072
2248141
1849059
1560632
2303896
2144580
2650015
1656140
2683897
2606389
214612
569896
763764
2324831
2592011
2607583
2574589
2547455
1839999
242921
612250
2001664
2684118
1201299
1197656
569367
930913
1380208
841649
771683
2137187
599790
2109223
256934
774637
2483355
2063206
183147
1257986
976240
501442
165585
1672206
2147248
2041736
2485236
2723973
2542520
2724074
2643640
2561647
2418795
1677710
2465526
637027
2070204
1772656
2214965
2570739
931289
2086479
517695
2283397
1856332
1259957
527668
2415910
2728995
2733468
1661225
2734086
536104
2365016
2343219
2550880
2641588
2285408
2264795
2118521
941212
361950
1204931
846035
755276
545704
2640390
541021
2290749
2361568
1065481
1926841
235486
2419187
214215
821300
2287688
597794
2134221
2738762
1457367
281750
829097
2520856
2479599
1826263
1001105
2214575
772595
1799622
2740225
2085106
1509751
2693301
1345089
2033330
2645102
854008
2658547
2008363
1942217
2688934
1691217
2094498
1554538
848836
642193
468875
2307994
2173725
2339051
2685576
2092181
1973066
1465954
2309865
1713728
2641108
445855
2230881
1554655
1070565
534683
596669
465057
2742907
2239751
1267676
2074337
2292367
2329497
2046493
2743661
1272671
510020
1433446
2540457
181716
2082266
2665466
1308316
2483062
2494543
1320139
965919
2202731
1850074
1694593
2350401
2504850
1892608
129447
545703
2578718
2299997
133339
159913
2699062
2539308
950053
2251187
1382307
496109
2538018
1228819
2387031
521649
202841
2750829
1523687
2328337
2039815
2650000
930149
2751309
2089731
2630077
1801809
1568761
2605869
832725
2293177
1507777
2724423
2077255
2747103
2557689
2752906
2308894
1215708
1096202
1075280
1680004
1182284
2526336
2622578
2204297
938276
2400562
2686143
2684319
2137194
972922
1249124
2754388
1804059
2363118
2754733
2754775
1786822
2707846
2311271
1716273
2755276
2755290
1892118
2585042
2709684
1353455
580962
2654076
2452533
2009190
1655849
1328310
2756247
1895621
2639541
2710513
2356991
222218
1953253
143803
102437
2449728
2711128
251435
773825
2712121
2011967
2136492
943529
2044024
196423
1377008
2319925
2299384
1359295
520277
2649488
2635101
2757761
2736597
1994884
2457017
2321272
2757990
425443
1420792
2556809
2753879
2658079
1239457
2053462
2718255
2719005
1959928
2719212
2719280
299465
200992
1503223
2420630
1616531
2219456
2334807
2754233
2245199
2169904
2188992
2758883
1849907
2396695
2740141
1292076
2753159
1751564
535451
2304218
1965845
2633909
611976
2452559
2724221
1062516
192236
2485411
980689
2760371
1079144
1433230
2583730
1505318
1427341
767610
2002536
2760568
2596933
2694522
2593483
1449463
2730727
224445
358888
428777
1272253
640394
2230273
2445535
1129680
2553369
786727
1382431
431288
1661229
2731253
435900
833312
2731636
2731680
541422
2658142
474461
2732054
478388
2761865
392578
2195113
156282
1280227
1269937
2734834
2676814
1928460
2632009
2735862
383153
2530401
273098
2244255
1371224
204732
1972296
1837636
2694638
2721091
640808
863213
1836686
2114111
2577980
2360713
154139
1808573
778575
2527952
2737339
2308888
2081737
2737702
1961937
1884376
2742984
1298324
366972
2093992
765036
2099892
2333343
276428
2739160
2097648
1892114
2526878
2532830
1930483
2292031
2763918
2764036
316226
2695733
1857248
1615403
2632818
229815
1383236
2130190
1806097
1362650
1185164
1887411
2643552
2764888
2191605
2289105
1879810
2762134
2075009
411372
600126
755781
2741526
2311996
2741532
2314508
249319
499740
1296839
2743266
2583735
2753022
2551383
1510451
2584875
117550
1863855
2767303
2767440
22269
1858445
2548085
2661617
2478020
1893243
2769055
2751752
132056
2769186
2762992
2173959
2769496
1083885
2634453
2746664
1954934
2770147
2760328
2719708
2483148
938886
1771000
319872
458759
1032998
2725680
1765657
1374889
2768095
850614
2537372
1759701
2771834
2718047
1939557
2772212
2654039
899947
2733990
2250514
1561122
2773153
2446096
1915390
390579
2692524
70429
2773428
935739
2129022
602218
2766279
2773685
1213795
2309035
826376
2695270
784999
2773828
1378752
224257
2093941
2815097
2815575
2004372
2787844
2817861
2818073
518661
2151173
1393058
2774326
2646913
2299118
1019501
2127931
313012
2668299
1656672
2821306
2821525
2217440
1662702
2549930
2823093
2823203
112206
2824906
2825424
2825762
2825959
2826003
2826133
2826321
2826730
1224731
2827190
2828912
2828940
1989494
2829225
2829294
2829356
2311868
763766
1575895
2830667
9420
2831394
2832857
2833520
2833798
2833869
2834383
2834668
1334608
1062414
1785030
2775861
2761853
1768607
224484
2777256
2777678
2304652
2811582
2128476
2748122
2844390
2844397
2845215
917173
2154164
2722126
2846764
2846767
2846771
2846772
1060899
2246141
388879
2847938
1114718
2848202
36505
972932
583920
2744661
2797554
121578
2849909
2365387
2834908
2834975
2835244
2836677
2536519
2837051
2250157
2839340
532834
2841230
1944529
510907
2296361
1584095
2849045
2849072
2849095
2849535
2849933
2850157
2850773
2851577
2852816
2853068
2853915
2854187
2858347
2858789
2858891
2859066
2859269
2859424
2859516
2860219
2860304
2860801
2860876
2860881
2861694
2863763
2863990
2864077
2306485
1864052
1220824
895025
156024
1001885
2048250
1068643
2867019
2867365
2867691
2869584
2869850
2869872
2870336
2870481
2062109
2405219
1374442
895682
2351061
1852763
2473855
2184096
931039
1486137
1066328
2549593
2299515
2135291
545972
1646526
2875723
2877174
2877378
1894787
2219950
594969
1685942
641011
2854877
2855668
2855862
2855869
2856195
2857064
2857084
2857394
609158
1785067
2465506
2880010
1222439
2851631
2226786
2640391
1063253
2880778
1271213
1132909
380159
1246886
423369
172081
2865030
2865530
2866041
2866136
2866484
2867017
1270475
1327802
2503018
2316067
2853904
2882352
2847561
2882474
2870704
2870862
2870863
2871133
2871422
2871929
2872544
2872702
930787
1929897
975536
2633426
2643562
1564452
2817523
1004271
2289961
2396534
1477394
2194839
609154
1670538
1435292
605313
2573255
2738831
2878607
2328720
924118
1918912
2527192
1159280
1852265
2839203
2886910
2825710
